-0.034317558319151675 0.30994535255869077 -1.0635552578001484 1.063746125517707 -0.31666574279871584 -0.2914600599967082 -1.9361086557758282 -0.1343168915206113 0.41663496307411907 2.587091792345339
-0.2624991169581086 -0.8255403621353183 -0.9762949293531752 1.4394589992171574 1.8061884836219286 0.646164995399216 -0.8949753492823517 0.2362334626141862 2.0650801742403413 -0.9167103670346602
1.2820407282740285 -1.286615537101733 -1.4882218651586123 1.0734711198054145 0.8423517329003848 0.7506339600578039 0.5491899267076596 -0.22645499450105644 0.9399090539493749 0.7586266524422225
-0.26848136021492686 2.2184635283836065 -2.5592649006354486 1.0158944451496845 -1.2096691720482653 0.29682681176239095 -0.6514654803212933 -0.9402085624915375 0.14818353697415743 -2.300913448438
-0.8066693172553429 -1.873572603926137 -2.786557475280088 -0.7262735977807615 -1.1630514683433444 1.1506481460871805 -2.464257401691744 -2.8404491105195073 -2.4377976572174545 -1.3457210659393948
0.5261564775749595 -1.4396288419571575 1.4176218223639194 -0.4024615134319825 -0.13287867904350645 0.9748189986169775 -0.38921740532147275 -1.2346159695502674 -1.1988773494084723 0.34028864038939244
0.32476650003923085 -2.498493839780452 -2.8778802501265037 -0.7752901945493549 -0.6520942494357354 0.8121928320780692 -2.015766847117627 -2.1425890735543645 -0.6416192319038325 -2.685221530839794
-2.0693666497492944 -2.5986903874652927 -1.3930700778633267 -0.7359610096116359 -0.11416963657007731 -0.29156072245686665 -3.472172176675465 0.9035370633492643 -0.5616913539301879 -2.2016225918127876
0.2170007492942631 0.5484532171206594 -1.0941455978907713 0.0923772488801794 -0.01731898157325519 0.03086123785722188 1.2653373173045332 -0.26518182062284024 -0.2025231142105482 0.22399092961644781
-0.16082192552012625 -0.9982750400594294 -3.5912340230802493 -1.5618395473106328 -0.32432095381430603 0.48774189686271197 -4.48420594855517 -2.063516407370951 -2.322248301473614 -2.964662036183986
-0.17595167513242851 0.380322360082871 -3.7554579297611306 1.4582954552245726 1.035690356319143 1.4876024019924157 -1.7219437642432267 1.0451728488662986 -0.6569351589195551 -0.6098275646155513
0.45637414510061275 1.34765432106612 -1.3905865558588033 0.28559825900601366 -0.3419386642961651 -0.5889045339630148 2.6122052533161013 -0.9878126075517714 0.09554131756308343 0.8670438103435781
0.2663386246310153 -1.56691116806803 -1.9993976837980583 -1.029657058966594 1.4626343327112143 -0.1555373838831108 -1.35766188028657 -2.1496338772796055 -2.685202923589969 -1.949263166878992
1.621822694658459 -1.479114424655584 -3.0977804426942033 -0.6937264904045167 -0.8705171668317777 -0.6494059326291984 -1.4487027578113796 0.9938732098619806 -0.5451091799697899 -0.4850747600034636
-0.16353778389893495 -1.9817659841675328 -2.980150346845107 -1.8192170596154589 -1.9944092196592484 -2.102813124023819 -2.9654699147768406 -3.2740760920174243 -2.163682002951303 -0.7974718552998219
-1.8830277413559815 -0.41806370848436564 -0.7852713528286951 -1.927449443237624 -0.15431979209113225 0.1463725991015504 -2.43448836284876 0.22504785794317744 -0.11218782726487907 -1.3681609742170588
-0.6012991900025326 -2.28153195113035 -1.4389654947833141 -2.966820797650787 -2.750390798151531 -0.23340306919456225 -2.375460560835959 -1.3333517190340687 -3.196176048663172 -1.2437798610896906
0.24548615344720479 -0.7908703569359871 1.6805392017922676 0.3137724968579444 -0.26875425320062224 0.9217350102213671 1.361934847657061 -0.3038564828250651 -0.078402387170393 0.15356755312750903
-0.8312580817583016 -1.2572990246479516 -2.9768527758532093 -2.0285129495971375 0.49431436527651573 -2.9171772546841286 -1.0255429204993265 -1.7636552527598024 -0.46622690876798023 0.5637969559217868
-0.5513314546769224 -1.9936153693355059 0.1616215839276707 -0.5160713198007902 0.34073417300669345 -0.9202905981303593 -1.6269233065679158 -1.3478570409541342 -0.4910408772120326 -3.543056445744284
0.7641363763669856 1.5918122364515568 -0.23326749863424706 -1.3120029840765945 -0.09409358357534307 0.10901479674905898 -0.24652880272694452 -1.6072680935348123 -2.456178907981937 0.4173289779175162
0.680092981407718 -0.004875118614654395 -0.33473447055662947 1.065964886789173 0.2733186982352719 -0.3530006844941178 0.4685728338636088 0.8865632938582195 -0.3906817211609889 0.37614264475809056
-1.5248850384768213 -3.609867663059628 -2.7324361500061016 -0.7304982514379855 -0.7756375805610383 -1.007220441421833 -2.458883079328253 -2.1510082436133056 -1.533097445034937 -2.079520489245699
0.22207539977576413 -0.7146135778756972 0.7275606290065404 1.37891634708347 -0.3891314105087584 -0.5430075519991089 -0.12525062794410494 1.050498532850917 0.8611387159262461 -1.7908411844217793
-1.6264167605289968 -1.1981325016354718 -2.072990088737514 1.4176976937737837 -0.4619175426167408 -0.22901269937569255 0.21129610921460795 -0.7119242860792936 -1.7463713874959588 -0.280187160495746
-1.5169878925956224 -2.3440170378666907 -1.0783810198326431 -2.164763336687339 -0.46948788291085225 6.1791124192263585 -1.4801116751895178 -3.399838281331794 -0.9056528456848466 1.1949693737564917
-0.01904460606511579 -2.204216873957058 0.36033836243437306 -1.256537192294046 -0.3994055828044361 4.060353929716055 0.2299019561496001 0.07006341968961258 0.8548611571613718 -2.2024557113440535
-1.5568765953705592 1.707194534168889 -1.5538704972549053 0.5477117079253333 0.6959646757801413 -1.167497118070498 -1.385185072194534 -0.34442298987842807 2.018791973420787 0.7855958655665065
-0.6544501913484198 -2.7571874739092417 -1.4081100397902182 -1.3798409245590513 -1.6887247769621447 0.5071947197795659 -3.501624837527759 -2.034060634068928 -2.8408879122801163 -3.1447638410778174
-1.333963896004094 -0.6355293597540994 -2.534216611308326 -2.420981222310777 0.589630937306907 0.24428699612260413 -0.29097620154238246 -0.4025073055591124 -0.5958036320647461 0.24211993475984106
-0.4030218869603925 -1.6758426361199756 -1.025251627164035 -2.2509538331420673 0.6083687338954504 0.263716930341676 -0.26708619290437174 -0.15040976524758204 -1.7762670004725971 -0.3008323630118456
0.8442373346058398 -2.9331919465962573 -1.3283183178287332 -0.5516457246277991 -1.1865178848283877 0.8391481979589636 -2.4443830452270823 0.021408610645294285 -1.7580894556601296 0.22834812452124342
-0.2012021421075859 0.2927514697399334 -0.07792725826241283 2.1206839673536297 -0.013091013570172767 0.9877174809591538 -0.12777401203157304 0.7296689728823107 0.5473385567590383 -0.5294861242192649
